<phenotype>					
taxa	data	data	data	data	data
genotype	number_of_tillers	tiller_height	spike_length	spikelets	florets
F09_PxW811_45	1.666666667	1100	7.083333333	15	51.5
H13_PxW349_66	4	793.0555556	9.722222222	14.11111111	56.75
M24_PxW291_59	1.333333333	1166.666667	9.416666667	17.83333333	55.5
O19_PxW223_2	1	1133.333333	10.83333333	18.33333333	59
L05_PxW685_50	1.333333333	966.6666667	7.916666667	13.83333333	48
B15_PxW349_89	2.333333333	966.6666667	8.416666667	16.5	53.5
A23_PxW223_91	1.666666667	850	8.916666667	17.16666667	55.5
B20_PxW546_92	1.666666667	858.3333333	8.666666667	14.5	58
H20_PxW566_9	1	950	7	17	50
P02_PxW397_85	3.666666667	735.8333333	9.991666667	16.5	53.5
J13_PxW349_70	1.666666667	908.3333333	7.083333333	15.83333333	44
C23_PxW223_92	4.333333333	798.6111111	8.736111111	17.22222222	55.66666667
B18_PxW546_36	1.666666667	816.6666667	6.416666667	12.66666667	42
P18_PxW546_52	1.333333333	675	7	10.66666667	53
N03_PxW685_27	3.666666667	943.3333333	8.977777778	18.73333333	60.2
C17_PxW216_75	1.333333333	958.3333333	8.416666667	15	49
N19_PxW396_76	1.333333333	783.3333333	7.166666667	14.16666667	46.5
G21_PxW223_83	2	741.6666667	8.916666667	16	57
O10_PxW264_80	2.333333333	779.1666667	10.125	12.91666667	60.75
D23_PxW397_58	2.333333333	933.3333333	9.666666667	18.33333333	59
P11_PxW349_54	3.333333333	988.8888889	8.013888889	18.13888889	46.41666667
M18_PxW273_85	1.333333333	1141.666667	10.83333333	16	56.5
I16_PxW273_44	2	908.3333333	10.75	17.5	56.5
N22_PxW566_25	2	925	9.666666667	15.77777778	60.5
G17_PxW216_78	4	752.0833333	11.04166667	16.875	54.625
M08_PxW264_37	2.666666667	679.1666667	7.416666667	15.08333333	49.25
A21_PxW223_3	3	1167.777778	8.411111111	19.46666667	51.46666667
P11_PxW811_67	1	950	8.833333333	14.66666667	55
P22_PxW566_28	1.666666667	691.6666667	10.08333333	11	59
P09_PxW811_57	1.333333333	1125	8	16.83333333	53
A20_PxW273_89	2	883.3333333	8.5	18.83333333	46
M19_PxW223_1	1.333333333	1133.333333	7.75	19.83333333	60
K08_PxW264_34	2	941.6666667	9.583333333	15.66666667	59.5
C21_PxW223_25	4	779.1666667	11.125	17.16666667	48.5
B07_PxW299_47	1.666666667	941.6666667	8.583333333	17.16666667	49.5
D20_PxW566_3	1.333333333	766.6666667	7.083333333	13	51.5
C22_PxW291_19	1.666666667	1025	10.16666667	19.66666667	63
B09_PxW811_40	1.333333333	1158.333333	8.416666667	17.16666667	55.5
G20_PxW291_6	1.666666667	827.7777778	10.27777778	18	64
D16_PxW546_24	1.666666667	966.6666667	8.083333333	15	49
P16_PxW546_33	4.333333333	896.6666667	8.044444444	17.2	52.93333333
K15_PxW216_32	2	1058.333333	9.166666667	21.33333333	68
C12_PxW264_82	2.333333333	750	9.777777778	16.66666667	57.33333333
J11_PxW811_63	1.666666667	1066.666667	8.666666667	15	49
H21_PxW397_46	2.333333333	962.5	8.333333333	18.75	52.5
F11_PxW811_61	1.666666667	1066.666667	8.583333333	16.66666667	52
H11_PxW811_62	1	1066.666667	9.333333333	16.66666667	53
B22_PxW566_15	1	850	8.333333333	14.33333333	47
C18_PxW273_64	4.333333333	1005.833333	11.08333333	19.76666667	60.7
F13_PxW811_86	1.666666667	1091.666667	9.25	21.33333333	68
B05_PxW685_32	1.666666667	950	11.25	20	64
O20_PxW291_14	3	1015.277778	9.166666667	17.52777778	50.66666667
A10_PxW264_43	3	865.5555556	9.422222222	14.73333333	48.2
B11_PxW349_26	1.666666667	1025	7.333333333	15.66666667	47
J18_PxW546_43	1	800	7.666666667	14.66666667	48
D08_PxW398_81	1.666666667	558.3333333	8.916666667	15.66666667	56
M10_PxW264_66	1.333333333	691.6666667	8.166666667	12	61.5
K23_PxW254_4	1.333333333	933.3333333	11	15.5	48
G19_PxW216_91	1.333333333	1175	9.25	17.5	56.5
N09_PxW349_21	1.666666667	675	8.666666667	16	52
P03_PxW685_30	2.333333333	866.6666667	8.277777778	14.5	47.5
P07_PxW811_33	1.666666667	1175	7.666666667	13	43
G02_PxW254_15	2	800	8.416666667	17.33333333	42
I22_PxW291_29	1.333333333	583.3333333	10.58333333	18.5	59.5
D13_PxW349_62	1	883.3333333	8.833333333	16.33333333	56
A16_PxW273_28	2.333333333	830.5555556	8.333333333	16.61111111	53.83333333
N11_PxW811_65	2	994.4444444	8.722222222	16.55555556	53.66666667
A12_PxW264_81	2.666666667	869.4444444	8.833333333	16.5	55.16666667
E06_PxW254_79	1.333333333	916.6666667	7.25	17.83333333	49.5
B24_PxW566_29	4.333333333	737.2222222	7.555555556	17.65555556	47.56666667
B09_PxW299_91	2	858.3333333	6.111111111	18.66666667	44.33333333
K10_PxW264_61	3	912.5	9.916666667	16.44444444	58.33333333
A19_PxW216_87	2.333333333	911.1111111	9.388888889	15.88888889	51.66666667
D11_PxW349_27	1.666666667	1144.444444	10.44444444	17.88888889	57.66666667
H06_PxW305-20	2	977.7777778	3.677777778	19.44444444	54.5
L08_PxW305-30	2.666666667	1000	9.833333333	14.33333333	47
L12_PxW305-46	4	966.6666667	11.41666667	21.66666667	62.25
P12_PxW305-48	1	1116.666667	7.6	19	52
B14_PxW305-49	1.333333333	950	10.91666667	20.5	65.5
F14_PxW305-51	4.666666667	964.6825397	9.069444444	15.45238095	53.02380952
J14_PxW305-53	2	1041.666667	9.666666667	18.5	59.5
N14_PxW305-55	2	1004.166667	9.25	18.33333333	59
J16_PxW305-61	1.666666667	1066.666667	8.916666667	20.16666667	55
D18_PxW305-66	1.333333333	966.6666667	9.333333333	23.66666667	75
L18_PxW305-70	3	906.6666667	9.066666667	15.9	51.7
J24_PxW305-93	1.666666667	933.3333333	8.583333333	16.83333333	54.5
F11_PxBAJ_43	3.333333333	838.8888889	7.958333333	16.33333333	57.5
P13_PxBAJ_56	1.333333333	908.3333333	8.416666667	17.33333333	57.5
N15_PxBAJ_63	1.666666667	875	42.83333333	14.16666667	43.5
B21_PxBAJ_81	1.666666667	777.7777778	9.777777778	18.33333333	59
L23_PxBAJ_94	4	770	19.33333333	17.83333333	56.1
B02_PxBAJ_97	2.666666667	798.6111111	9.055555556	16.94444444	54.83333333
F02_PxBAJ_99	1.666666667	841.6666667	7.75	16	52
L04_PxBAJ_110	3.333333333	809.7222222	8.652777778	16.38888889	58.25
P14_PxBAJ_152	2.333333333	705.5555556	7.666666667	18.05555556	45.33333333
N18_PxBAJ_167	1.333333333	766.6666667	8.166666667	16	52
N11_PARxCIM47_47	2.333333333	737.5	6.458333333	15.16666667	46.25
P14_PARxCIM47_152	1.333333333	950	9.916666667	19.16666667	41.5
I01_PARxCIM47_197	2.333333333	950	7.166666667	17.27777778	48.5
O01_PARxCIM47_200	2.333333333	966.6666667	9.666666667	19.33333333	57
O11_PARxCIM47_240	2	755.5555556	7.555555556	17.38888889	47.83333333
O17_PARxCIM47_264	1.666666667	638.8888889	7.277777778	13.66666667	45
K24_PARxCIM47_382	2	777.7777778	6.75	14.61111111	47.5
K24_PARxCIM47_390	2	666.6666667	7.333333333	14.66666667	63
E22_PARxCIM47_396	2	729.1666667	90.41666667	16.5	53.5
G22_PARxCIM47_397	2	591.6666667	7.166666667	11.66666667	42
C24_PARxCIM47_403	1.333333333	1016.666667	7.25	14.33333333	50.5
B19_PARxCIM49_73	1.333333333	691.6666667	8.916666667	17	49.5
P10_PARxCIM49_136	1.666666667	666.6666667	7.916666667	17.33333333	59
F24_PARxCIM49_187	1.666666667	700	8.833333333	15.83333333	53
I03_PARxCIM49_205	1.666666667	688.8888889	42.27777778	14.88888889	48.66666667
K03_PARxCIM49_206	1	700	8.166666667	18	58
A19_PARxCIM49_265	1.333333333	758.3333333	7.666666667	15.16666667	49.5
E21_PARxCIM49_275	1.333333333	616.6666667	8.666666667	15.16666667	49.5
K06_PARxCIM49_310	3	645.8333333	8.694444444	16.69444444	54.08333333
C03_PxWyalkatchem_10	1.666666667	650	10.5	14.33333333	47
K09_PxWyalkatchem_38	3.333333333	646.6666667	8.633333333	16.64444444	53.93333333
G19_PxWyalkatchem_76	1.666666667	566.6666667	7	14.33333333	47
O21_PxWyalkatchem_88	2.333333333	880.5555556	8.333333333	15.22222222	49.66666667
A23_PxWyalkatchem_89	1.333333333	983.3333333	10.91666667	23.5	74.5
G23_PxWyalkatchem_92	2	816.6666667	7.5	16.66666667	54
F10_PxPfau_35	1.666666667	783.3333333	7	13.33333333	44
N14_PxPfau_55	1.333333333	641.6666667	5.083333333	10.5	35.5
